0.891251
0.891251
0.891251
0.891251
0.891251
0.891251
0.891251
0.891251
0.891251
0.891251
0.891251
0.891251
0.891251
0.891251
0.891251
0.891251
0.891251
0.891251
0.891251
0.891251
0.891251
0.891251
0.891251
0.891251
0.891251
0.891251
0.891251
0.891251
0.891251
0.891252
0.891252
0.891252
0.891252
0.891252
0.891252
0.891252
0.891252
0.891252
0.891252
0.891252
0.891252
0.891252
0.891252
0.891252
0.891252
0.891252
0.891252
0.891252
0.891252
0.891252
0.891252
0.891252
0.891252
0.891252
0.891252
0.891252
0.891252
0.891252
0.891252
0.891252
0.891252
0.891252
0.891252
0.891251
0.891251
0.891251
0.891251
0.891251
0.891251
0.891251
0.891251
0.891251
0.891251
0.891251
0.891251
0.891251
0.891251
0.891251
0.891251
0.891251
0.891251
0.891251
0.891251
0.891252
0.891252
0.891252
0.891252
0.891252
0.891252
0.891252
0.891252
0.891252
0.891252
0.891252
0.891252
0.891252
0.891252
0.891252
0.891252
0.891252
0.891252
0.891252
0.891252
0.891252
0.891252
0.891252
0.891252
0.891252
0.891252
0.891252
0.891252
0.891252
0.891252
0.891252
0.891252
0.891252
0.891252
0.891252
0.891251
0.891252
0.891252
0.891252
0.891252
0.891252
0.891252
0.891252
0.891252
0.891251
0.891251
0.891251
0.891251
0.891251
0.891251
0.891252
0.891252
0.891252
0.891252
0.891251
0.891252
0.891252
0.891252
0.891252
0.891252
0.891252
0.891252
0.891252
0.891252
0.891252
0.891253
0.891253
0.891252
0.891253
0.891252
0.891252
0.891252
0.891252
0.891253
0.891253
0.891253
0.891253
0.891252
0.891252
0.891252
0.891252
0.891252
0.891252
0.891252
0.891252
0.891252
0.891253
0.891253
0.891253
0.891252
0.891252
0.891252
0.891253
0.891252
0.891252
0.891253
0.891253
0.891253
0.891253
0.891252
0.891252
0.891253
0.891253
0.891253
0.891253
0.891253
0.891253
0.891253
0.891253
0.891253
0.891253
0.891253
0.891253
0.891254
0.891254
0.891253
0.891254
0.891254
0.891254
0.891254
0.891254
0.891253
0.891254
0.891254
0.891254
0.891254
0.891254
0.891254
0.891254
0.891254
0.891254
0.891254
0.891255
0.891255
0.891255
0.891255
0.891255
0.891255
0.891255
0.891255
0.891254
0.891255
0.891255
0.891255
0.891255
0.891255
0.891255
0.891256
0.891256
0.891256
0.891256
0.891256
0.891256
0.891256
0.891256
0.891256
0.891256
0.891256
0.891256
0.891257
0.891257
0.891257
0.891257
0.891257
0.891257
0.891257
0.891257
0.891257
0.891257
0.891258
0.891258
0.891258
0.891258
0.891258
0.891258
0.891258
0.891258
0.891259
0.891259
0.891259
0.891259
0.891259
0.891259
0.891259
0.89126
0.891261
0.89126
0.89126
0.891261
0.891261
0.89126
0.891261
0.891261
0.891262
0.891262
0.891262
0.891262
0.891263
0.891263
0.891262
0.891263
0.891263
0.891264
0.891264
0.891264
0.891264
0.891265
0.891265
0.891265
0.891265
0.891266
0.891266
0.891266
0.891266
0.891267
0.891267
0.891267
0.891268
0.891268
0.891269
0.891269
0.89127
0.89127
0.891269
0.89127
0.891271
0.891271
0.891272
0.891272
0.891272
0.891273
0.891273
0.891274
0.891274
0.891274
0.891275
0.891275
0.891276
0.891277
0.891278
0.891278
0.891278
0.891279
0.891279
0.89128
0.89128
0.891281
0.891282
0.891282
0.891283
0.891284
0.891284
0.891285
0.891285
0.891287
0.891287
0.891288
0.891288
0.891289
0.89129
0.89129
0.891291
0.891293
0.891294
0.891294
0.891295
0.891296
0.891297
0.891297
0.891298
0.8913
0.891301
0.891302
0.891303
0.891304
0.891305
0.891306
0.891307
0.891308
0.89131
0.89131
0.891312
0.891313
0.891314
0.891315
0.891316
0.891318
0.891319
0.891321
0.891322
0.891323
0.891325
0.891326
0.891328
0.89133
0.891331
0.891333
0.891334
0.891335
0.891338
0.891339
0.891341
0.891343
0.891345
0.891347
0.891348
0.891351
0.891353
0.891355
0.891357
0.891359
0.891361
0.891364
0.891366
0.891368
0.891371
0.891373
0.891375
0.891378
0.891381
0.891383
0.891386
0.891389
0.891391
0.891394
0.891397
0.891401
0.891403
0.891406
0.89141
0.891413
0.891416
0.891419
0.891422
0.891427
0.89143
0.891433
0.891437
0.891441
0.891445
0.891448
0.891453
0.891456
0.891461
0.891466
0.89147
0.891474
0.891479
0.891483
0.891488
0.891493
0.891498
0.891503
0.891508
0.891513
0.891518
0.891524
0.89153
0.891536
0.891541
0.891547
0.891553
0.891559
0.891566
0.891571
0.891579
0.891586
0.891592
0.891599
0.891606
0.891613
0.891621
0.891628
0.891636
0.891643
0.891651
0.891659
0.891668
0.891676
0.891685
0.891693
0.891703
0.891712
0.891721
0.891731
0.891741
0.891751
0.891761
0.891771
0.891781
0.891793
0.891804
0.891815
0.891826
0.891838
0.89185
0.891863
0.891875
0.891887
0.8919
0.891913
0.891927
0.891941
0.891955
0.891969
0.891984
0.891999
0.892014
0.892029
0.892045
0.892061
0.892078
0.892094
0.892111
0.89213
0.892147
0.892165
0.892184
0.892203
0.892222
0.892242
0.892263
0.892283
0.892304
0.892326
0.892347
0.89237
0.892393
0.892415
0.892439
0.892464
0.892488
0.892514
0.892539
0.892566
0.892592
0.892619
0.892647
0.892675
0.892704
0.892734
0.892764
0.892795
0.892826
0.892858
0.892891
0.892924
0.892958
0.892993
0.893028
0.893065
0.893101
0.893139
0.893177
0.893217
0.893257
0.893297
0.893339
0.893382
0.893425
0.893469
0.893514
0.89356
0.893607
0.893655
0.893704
0.893754
0.893804
0.893856
0.893909
0.893963
0.894018
0.894075
0.894132
0.894191
0.89425
0.894311
0.894373
0.894436
0.894502
0.894567
0.894635
0.894703
0.894774
0.894845
0.894918
0.894993
0.895069
0.895146
0.895225
0.895305
0.895388
0.895471
0.895557
0.895645
0.895734
0.895824
0.895917
0.896011
0.896108
0.896207
0.896307
0.89641
0.896514
0.896621
0.896729
0.89684
0.896954
0.897069
0.897187
0.897307
0.89743
0.897555
0.897683
0.897812
0.897945
0.898081
0.898219
0.89836
0.898504
0.89865
0.898799
0.898952
0.899108
0.899266
0.899429
0.899593
0.899762
0.899934
0.900109
0.900288
0.90047
0.900656
0.900845
0.901038
0.901236
0.901437
0.901642
0.901851
0.902064
0.902282
0.902503
0.90273
0.90296
0.903196
0.903436
0.903681
0.90393
0.904184
0.904444
0.904708
0.904978
0.905253
0.905534
0.90582
0.906112
0.906409
0.906712
0.90702
0.907336
0.907657
0.907985
0.908318
0.908659
0.909005
0.909359
0.909718
0.910087
0.910461
0.910843
0.911231
0.911628
0.912032
0.912444
0.912863
0.91329
0.913726
0.91417
0.914622
0.915083
0.915552
0.916031
0.916518
0.917014
0.917519
0.918034
0.918559
0.919093
0.919637
0.920191
0.920755
0.921329
0.921915
0.92251
0.923116
0.923733
0.924361
0.925
0.925651
0.926312
0.926986
0.927671
0.928368
0.929077
0.929799
0.930532
0.931278
0.932036
0.932808
0.933591
0.934388
0.935197
0.93602
0.936855
0.937704
0.938566
0.939442
0.940331
0.941233
0.942149
0.943077
0.94402
0.944976
0.945945
0.946928
0.947923
0.948933
0.949954
0.950989
0.952036
0.953096
0.954168
0.955253
0.956348
0.957456
0.958574
0.959704
0.960843
0.961992
0.96315
0.964316
0.96549
0.966672
0.96786
0.969054
0.970252
0.971454
0.972658
0.973863
0.975071
0.976275
0.977477
0.978676
0.979868
0.981053
0.982229
0.983393
0.984543
0.985678
0.986795
0.98789
0.988962
0.990008
0.991023
0.992007
0.992953
0.99386
0.994722
0.995538
0.9963
0.997006
0.997651
0.998229
0.998736
0.999166
0.999513
0.999772
0.999936
1
0.999955
0.999798
0.999517
0.999109
0.998565
0.997878
0.997039
0.99604
0.994874
0.993533
0.992009
0.990292
0.988376
0.986251
0.98391
0.981345
0.978548
0.975512
0.972228
0.96869
0.964893
0.960829
0.956492
0.951879
0.946984
0.941804
0.936336
0.930578
0.924528
0.918186
0.911552
0.904629
0.897416
0.889919
0.882142
0.874089
0.865768
0.857184
0.848347
0.839265
0.829948
0.820406
0.810651
0.800695
0.790549
0.780228
0.769745
0.759113
0.748347
0.737461
0.726469
0.715386
0.704226
0.693004
0.681734
0.670429
0.659103
0.647769
0.636441
0.625129
0.613846
0.602605
0.591414
0.580284
0.569226
0.558248
0.547358
0.536564
0.525875
0.515295
0.504833
0.494491
0.484278
0.474195
0.464248
0.45444
0.444774
0.435253
0.425878
0.416653
0.407577
0.398653
0.389881
0.381261
0.372794
0.364479
0.356317
0.348306
0.340446
0.332736
0.325174
0.317761
0.310494
0.303371
0.296391
0.289553
0.282855
0.276294
0.269868
0.263576
0.257416
0.251385
0.245482
0.239704
0.234049
0.228515
0.223099
0.217801
0.212616
0.207544
0.202581
0.197727
0.192978
0.188333
0.183789
0.179345
0.174998
0.170746
0.166588
0.162521
0.158544
0.154654
0.150849
0.147129
0.14349
0.139932
0.136452
0.133049
0.12972
0.126466
0.123283
0.12017
0.117126
0.114149
0.111237
0.10839
0.105606
0.102883
0.10022
0.0976157
0.0950687
0.0925781
0.0901422
0.0877601
0.0854303
0.0831519
0.0809238
0.0787446
0.0766135
0.0745293
0.0724911
0.0704977
0.0685484
0.0666419
0.0647775
0.0629543
0.0611713
0.0594277
0.0577226
0.0560552
0.0544247
0.0528302
0.0512712
0.0497467
0.0482561
0.0467985
0.0453736
0.0439803
0.0426182
0.0412865
0.0399846
0.0387121
0.0374681
0.0362523
0.0350639
0.0339025
0.0327674
0.0316582
0.0305745
0.0295156
0.0284812
0.0274706
0.0264836
0.0255196
0.0245782
0.023659
0.0227616
0.0218856
0.0210306
0.0201963
0.0193823
0.0185882
0.0178137
0.0170585
0.0163223
0.0156048
0.0149056
0.0142245
0.0135613
0.0129156
0.0122873
0.0116761
0.0110816
0.0105039
0.00994259
0.00939754
0.00886853
0.00835544
0.00785804
0.00737624
0.0069099
0.00645886
0.00602305
0.00560232
0.00519663
0.00480585
0.00442996
0.00406893
0.00372266
0.0033912
0.00307449
0.00277259
0.00248548
0.00221326
0.00195594
0.00171363
0.00148645
0.00127449
0.00107793
0.000896909
0.00073165
0.000582353
0.000449281
0.000332719
0.000232966
0.000150384
8.53449e-05
3.82841e-05
